Threshold: 0.8
TP: 8, FP: 11, FN: 1, TN: 44
Accuracy: 0.8125
Precision: 0.42105
Recall: 0.88889
F-Score: 0.57143
-----------------------------
